# oST version 5.0 parameters


[image]

width
640

height
480

[webcam]

camera matrix
1242.852185 0.000000 427.825080
0.000000 1183.587198 240.424754
0.000000 0.000000 1.000000

distortion
0.121194 0.429113 -0.007271 0.068404 0.000000

rectification
1.000000 0.000000 0.000000
0.000000 1.000000 0.000000
0.000000 0.000000 1.000000

projection
1225.519531 0.000000 441.948670 0.000000
0.000000 1218.496826 238.733642 0.000000
0.000000 0.000000 1.000000 0.000000
